$ANSIBLE_VAULT;1.1;AES256
36303862613932386564653539366262373966306637616539663932343230333063613639313666
3033393261366466646363393861383864643234303364660a396136373336663930363534333637
36643365386137343430366333313066323331656536346562653065303034313632303037353832
6433613637633239320a663563336236303834343437356161653739386439393834313936306535
36663064626139343139613036626433373534323861323438353562333233623339643930656265
39636433323565646132336639633066376230663138646163323035666635393764356666316232
37376132303235623731393330303339623864666234363838343237363062633066303232396430
63653631633836306439323837373166316232663835326165643233616330303462653239343261
39316433626339326236656666616233306136353832613538623863313265653239636333653765
34393430393030663137323636663630323963393661313335653631353661346634636330636536
61376664643431303237366439353035353739653464333438316136666434336232623035633464
61363232663963333662353831316234383862363535336131303063646562303635303237373361
66353331303434373262643931306537373965393166653337303135626561353063633662313331
32356462393661643062343234643936623133333435613831393337383463316231313630666530
39363566356632636465613766646632363339646532323732313063343661366635616530653531
63376666393739373436336238393461663837356562396337363736646633396165626562383031
39663663393738376336386331653430356566386661333033656136333861356265373938663233
32393066366137303363646639366338623762383032393235646438313132633735373636623364
39663131396336616639626139383434636138623936336234343033343730363061366666343833
35303138356561373462323731356665626662623664383461663837326538386632363831613433
63633165643437656336373861623830386537353730396432393133636339366439343762656432
62646235336161633063336363316164623037646535636239636662326163336534363938346562
39303438366431646262303335656562633232633635326331353738616561366234393733376661
30656533656364393830316333303163613763303563366264346339646336623163623235396635
30633733633463333964633132623563613964376162623266383233376431646331653465656532
64323338323639336432353430383563626130616233623665343234323834323764636536653632
31646535363462386664326336363339353937613736396261333862356239316462663630333430
32373665373735323861613830663061363661386634633332636236643933353663356563366431
63663239326164663733303734333964666534343835623737383865346565386435323233313332
61373734363263633330656366613133643261663939333735376464623963366533366539646130
33303665386562393365636439646330653638333131653166633935313065646239393363613536
35373732633935333337633330313963306236363835316634353965663164323837393762643665
38383564616632323439363766363837396463383738353330363461373931653433613134633737
30343063333135656662373139353233353335346639633065323064383461623133613734653231
63383464346634333363656230346563633735373564376261626135383434316336623861646237
33613165376262323130323431656161643763383766646463653530326163653131623136343639
65653130306366396364383434623163343035373666366633653262303932663461666232363363
36393165306236633439363661613561393633313135663639613732323862663964653936623161
39623961666166373531383932363466303738656438366335313731636365366466353131353462
33383562303564333265353666623838633838653639376634336166393630356565376232656236
35646562616130663761346431386637656164363163616632623761336330363061656162386166
31353966616166666530343562643066373232643961623131663762306364383463633731643565
37623737633935633531306537643836643233303263346662336366666561383831633764323338
31653463376136323662663038373131313032336366323234623961346237626434323239613236
61626434343937656565343134333637316263393966333332653635323561353764663463623837
36303564626632306439333766323639393936313435356131646339323537613735393733366631
65323530393135386561653737393666653031636539656238626465346266653263346134333031
33633363343135316161343839333839333465626265353566346338633837666162313433623665
63313664353865646434613433373964616464316236336536313562653538613832363533623939
30366531376630303635653662373835343763396331306164383061636263633238363139396466
37353839353766323931393166346564396531313538376231616262313961353266666261616231
36613363653936346464663137363564303562633861303965363365373265663464333633303233
39616434313366666261353034363762303234626630643635316239373535666433666132613661
37353133363962306238656135323266666239343432396637396530303830343739396263623164
61613864616266613237616237663461326539323433656263616331386638666161323766633665
61613133343761656364303061646135386337393337373433356336303335653533363262626163
35626637656532366264653565613232366164393933633839373266636535646632663561373638
31303566616164393039386562373230333432363532396139383463373931366330386430343064
30336366333931666365326165646631643936343631313134323434613466616263323533316466
61623631633932656132363164383061323036306133356532613638343831346365616637623561
30646466323830333764386130313139336366643737666134343361353335393139653333313434
31386230666431393034323135313762336163373162356536623164333932333230386661326335
66623431373232613933623066383163616534363434306438396337663432316535343536376137
34353336323166303733373664633532393837626635343461656465663931656464313262386135
61616434393534313539333137663732653336313364396165663730313665353734633862383263
33616662303334316363303665316335346637373937626565343966623333366564336265326434
32656539623338393061376665383962316434616237616262663030386262343165666438366265
63353163666165303035636664306332323734333164663562656335636234376337363963343334
35653361623632663433343637633464396532343536346561323264666633383835386634316137
65646136636364373064653564653034323161376465303961623633646237613966666131313039
37356332346563396131643965663438643336393265306337383861353638653433313232626431
37396434643030333032386332346533356464383438323262646638393238373237363130626136
37356132346663386362623736346636306331376161623530646336633336313137653330323336
64666334633264613931633731353233303337323238393835656135373532656230343336383763
31653333613635393038343039316536383231396661396365396362383236623064323232383036
62393963663731613933626434363130363133366539303165313735383236346437383033633462
62366238346266343865373264623433343131626563393333646135313230376639656632653330
38636565303737353065626437613561373530316537663362336132383961383031343632633966
38663766613332363566393966303161336537303832646166653336373734363533313565623534
66633666663136303034373764343736353731366238313761306230356461613838323436633734
61616235383830323737633134386233326435393937643264656262613366303961346363316434
64613936303934376162363338303163613035383234376235373630353539313162663234616461
66313133373962666566396534663763633665303531376462643032323632373530343133656437
61663433363138366531306663393931356530333165373266383135383933343035353038616664
37366339646236663834383234376364653134313765613438656565623066303465653165396639
35383330346364323030643561343532353161613961386231353563623436386362363161663062
32613838383863633335333631623465663439326134303566623164343031646565643734353162
39613833326130613237643531653439626338633436366433396466326361313034303233303561
64623432646333316535386430636439323965316162383238383135323064623335623439623132
34386630313732386134343232396361616231643562663834333539313562333033343831316133
38326266373462396630333261306666396666343561666339633965646663343830333739303564
63393163383864353431643539656135313561633430656464663132363461656434323439366261
63366536333335643065373439626630373033313163313561656237376232643961346464646533
35633462346362626565376362376362386161646264373835373932396337323562313639653532
64653762373564343663396130646134646564663138623536393833393331363231353761373933
37633864623361363238653865396333323831346130653336346336323463653564306463626461
30643962636164396630666231383136303766353731346137323539353862373939393135313730
62653036336663306638356230303866643234653139636431613839353262353430376332363066
62383239646535393238663261636432363939666539346230633961383334626538323737313861
37323732336361323835393631353163616565343961383163646162323737386138383765626161
30363032336632663930376232303932303933346237393061313662636161616132376163353233
38333236353663306466373735323361353562633533336336613130613764313363393838323530
30383937303735306238656366613139343236383931366635653361633862353636333739653532
35636638643137306338623635636264353039343264613032343830393736396362663237366438
38313736626365313038613634363931363938656332663866653136383866356437313263363531
65643336653938303162623361633738653064616139336531666363326362313535316565353739
39346562363936623139626339376439306561353533643361373633393166346530353664323533
32366336303038356337333033623831646234363061356166616639343633393037366639373535
38613062363264613138346561336533636137313835346264303930643364613838363361646264
34393866393433323038343261393232613261326331383537363163356335353838663866333166
36363632646335663265396361653864333630343430343537313361653466653833653938336230
63366139333432643561306163323162346262633536653334353665633739393737313966633931
66643632666561616561346534343534656462396362343563316662646632393831613864653634
3764633931376566653934326437383533663963396335616238
